The sqrt of 2 is 1.4142135623731
sqrt2^2 = 2 (should equal 2)
x=1 Sin(x)=0.841470984807897
fgamma(1)=0.999999989064903 0!=1
exp(lngamma(1)=0.999999989064903
fgamma(2)=0.999999989064903 1!=1
exp(lngamma(2)=0.999999989064903
fgamma(3)=1.99999997812981 2!=2
exp(lngamma(3)=1.9999999781298
fgamma(4)=5.99999993438942 3!=6
exp(lngamma(4)=5.99999993438942
fgamma(5)=23.9999997375577 4!=24
exp(lngamma(5)=23.9999997375577
fgamma(6)=119.999998687788 5!=120
exp(lngamma(6)=119.999998687788
fgamma(7)=719.99999212673 6!=720
exp(lngamma(7)=719.99999212673
fgamma(8)=5039.99994488711 7!=5040
exp(lngamma(8)=5039.99994488711
fgamma(9)=40319.9995590969 8!=40320
exp(lngamma(9)=40319.9995590969
