---Task A--------
A1: Test the function decomp:
Generate a random tall (n>m) matrix A (of a modest size):
A = 
     0.689       9.07 
      1.62       1.36 
      4.72       3.54 
      3.82       3.94 
      3.97      0.923 
      6.66       7.54 

Factorize A into QR:
Q = 
    0.0688      0.933 
     0.162    -0.0181 
     0.471    -0.0991 
     0.381     0.0386 
     0.397     -0.312 
     0.666      0.142 
R = 
        10       9.41 
         0       9.03 

Is R upper triangular ? => True

Q^T*Q=1 ? => True
Q^TQ = 
         1   2.91e-16 
  2.91e-16          1 

QR=A ? => True
QR = 
     0.689       9.07 
      1.62       1.36 
      4.72       3.54 
      3.82       3.94 
      3.97      0.923 
      6.66       7.54 

A2: Test the function solve:
Generate a random square matrix A (of a modest size):
A = 
      1.21       7.51       5.51       7.76 
      2.67       1.32       1.91       3.15 
      5.81       9.73       6.47       6.78 
      9.62        3.7       4.38       9.87 

Generate a random vector b (of the same size):
b =       3.01       9.13       4.96     0.0648 

Factorize A into QR:
Q = 
     0.104      0.712       0.61      0.331 
      0.23    -0.0811      0.504     -0.828 
       0.5      0.565     -0.594     -0.278 
     0.828     -0.408      0.142      0.356 
R = 
      11.6       9.02       7.87       13.1 
         0       9.23       5.64       5.08 
         0          0        1.1        3.7 
         0          0          0       1.58 

Solve QRx=b:
solution x =     -0.497      -9.05       20.1      -5.01 

Ax=b ? => True
Ax =       3.01       9.13       4.96     0.0648 

---Task B--------
Generate a random square matrix A (of a modest size):
A = 
      1.59       3.88       4.98       8.78       8.32 
      2.12       5.07       5.45       6.75       8.53 
      4.32       5.11       4.12       3.34       3.43 
      1.14       6.52       4.11       1.12      0.823 
      1.93       9.21        8.7       7.81       6.76 

Factorize A into QR:
Q = 
     0.286     0.0724      0.577      0.704     -0.291 
     0.383     0.0826      0.332    -0.0829      0.854 
     0.779     -0.507     -0.291     -0.108     -0.197 
     0.206      0.534     -0.657      0.464      0.157 
     0.349      0.668      0.201      -0.52     -0.349 
R = 
      5.54       11.6       10.6       10.7       10.9 
         0       7.74       6.72       5.31       4.52 
         0          0       2.53       7.16       7.45 
         0          0          0       1.72       1.65 
         0          0          0          0       1.95 

Calculate the inverse B of A
B = 
     -0.04    -0.0639      0.327     -0.159    -0.0171 
     0.493    -0.0671     -0.105      0.794     -0.566 
    -0.892      0.164      0.086      -1.04      0.975 
     0.551     -0.467     0.0341      0.192      -0.13 
    -0.149      0.438     -0.101     0.0803     -0.179 

AB=identity ? => True
AB = 
         1          0   2.22e-16          0  -4.44e-16 
  4.44e-16          1  -5.55e-16  -1.89e-15   6.66e-16 
  1.33e-15  -4.44e-16          1   2.22e-16  -7.77e-16 
  2.36e-16  -8.33e-16   2.78e-17          1  -1.11e-15 
  1.11e-15   4.44e-16   2.22e-16  -2.55e-15          1 

