---Task A--------
Generate a random symmetric matrix A:
A = 
      7.01      0.826       2.93       9.77 
     0.826       5.39       7.75      0.512 
      2.93       7.75       2.11       7.17 
      9.77      0.512       7.17       2.61 

Perform the eigenvalue-decomposition (A=VDV^T):
eigenvalues w =      -8.44      -2.35       8.66       19.3 
orthogonal matrix of eigenvectors V = 
     0.318      0.569      -0.48      0.587 
    -0.331      0.479      0.745      0.326 
       0.6      -0.51      0.383      0.483 
    -0.655     -0.433     -0.259      0.563 

V^TAV=D ? => True (where D is the diagonal matrix with the corresponding eigenvalues)
VDV^T=A ? => True
V^TV=1 ? => True
VV^T=1 ? => True

---Task B--------
Hamiltonian matrix for rmax = 10 and dr = 0.5:
H = 
         2         -2          0          0          0          0          0          0          0          0          0          0          0          0          0          0          0          0          0 
        -2          3         -2          0          0          0          0          0          0          0          0          0          0          0          0          0          0          0          0 
         0         -2       3.33         -2          0          0          0          0          0          0          0          0          0          0          0          0          0          0          0 
         0          0         -2        3.5         -2          0          0          0          0          0          0          0          0          0          0          0          0          0          0 
         0          0          0         -2        3.6         -2          0          0          0          0          0          0          0          0          0          0          0          0          0 
         0          0          0          0         -2       3.67         -2          0          0          0          0          0          0          0          0          0          0          0          0 
         0          0          0          0          0         -2       3.71         -2          0          0          0          0          0          0          0          0          0          0          0 
         0          0          0          0          0          0         -2       3.75         -2          0          0          0          0          0          0          0          0          0          0 
         0          0          0          0          0          0          0         -2       3.78         -2          0          0          0          0          0          0          0          0          0 
         0          0          0          0          0          0          0          0         -2        3.8         -2          0          0          0          0          0          0          0          0 
         0          0          0          0          0          0          0          0          0         -2       3.82         -2          0          0          0          0          0          0          0 
         0          0          0          0          0          0          0          0          0          0         -2       3.83         -2          0          0          0          0          0          0 
         0          0          0          0          0          0          0          0          0          0          0         -2       3.85         -2          0          0          0          0          0 
         0          0          0          0          0          0          0          0          0          0          0          0         -2       3.86         -2          0          0          0          0 
         0          0          0          0          0          0          0          0          0          0          0          0          0         -2       3.87         -2          0          0          0 
         0          0          0          0          0          0          0          0          0          0          0          0          0          0         -2       3.88         -2          0          0 
         0          0          0          0          0          0          0          0          0          0          0          0          0          0          0         -2       3.88         -2          0 
         0          0          0          0          0          0          0          0          0          0          0          0          0          0          0          0         -2       3.89         -2 
         0          0          0          0          0          0          0          0          0          0          0          0          0          0          0          0          0         -2       3.89 

Diagonalize the Hamiltonian matrix using my Jacobi routine and obtain the eigenvalues and eigenvectors:
eigenvalues w =     -0.472      -0.11     0.0907      0.391      0.781       1.25       1.77       2.35       2.96       3.58       4.21       4.83       5.42       5.96       6.46       6.89       7.25       7.54       7.76 
orthogonal matrix of eigenvectors V = 
     0.413     -0.179      0.214     -0.249      0.272     -0.287      0.295      0.295     -0.289      0.274     -0.254      0.226     -0.194      0.157     -0.118     0.0802    -0.0462     0.0203   -0.00515 
     0.511     -0.188      0.204       -0.2      0.166     -0.108     0.0336    -0.0513      0.138     -0.217       0.28      -0.32      0.331     -0.311      0.264     -0.196      0.121    -0.0562     0.0148 
     0.474     -0.114     0.0831    -0.0122     -0.088      0.192     -0.274     -0.312      0.292     -0.211      0.084     0.0658     -0.206      0.304     -0.338      0.301     -0.212      0.107    -0.0301 
      0.39   -0.00864    -0.0694      0.182     -0.278      0.309     -0.248     -0.103    -0.0826      0.243     -0.317      0.271     -0.116     -0.089      0.264      -0.34      0.294      -0.17     0.0518 
     0.302     0.0989     -0.201      0.295      -0.29      0.156     0.0604      0.253     -0.314      0.202     0.0285     -0.245      0.317     -0.194    -0.0536      0.276     -0.341      0.236    -0.0802 
     0.224      0.192     -0.284      0.292     -0.131     -0.125      0.303      0.261    -0.0187     -0.241      0.308      -0.12     -0.172      0.319     -0.188     -0.114      0.328     -0.295      0.115 
     0.161      0.264     -0.306      0.182      0.101     -0.308      0.226    -0.0806      0.308     -0.212     -0.112      0.315     -0.167     -0.172      0.316    -0.0925     -0.247      0.335     -0.155 
     0.114      0.312     -0.271     0.0113      0.279     -0.254    -0.0829     -0.316      0.135      0.227      -0.28     -0.055      0.314     -0.125     -0.246      0.261       0.11     -0.347      0.198 
    0.0792      0.339      -0.19     -0.163      0.314    -0.0111     -0.308     -0.141     -0.254      0.231      0.177     -0.285    -0.0943      0.311     0.0171     -0.317     0.0546      0.323     -0.242 
    0.0544      0.347    -0.0785     -0.288       0.19       0.24     -0.226      0.215      -0.24     -0.205      0.242      0.205     -0.237     -0.214      0.223      0.233     -0.205      -0.26      0.284 
    0.0369      0.339     0.0441     -0.327    -0.0261      0.318      0.079      0.298      0.152     -0.253     -0.227       0.18      0.285    -0.0789     -0.313    -0.0432      0.299      0.164      -0.32 
    0.0249      0.319      0.161     -0.273      -0.23      0.169      0.307    0.00363      0.306      0.175     -0.198     -0.296    0.00857      0.299      0.191     -0.167     -0.309    -0.0457      0.346 
    0.0166       0.29      0.257     -0.142     -0.325    -0.0998      0.238     -0.295    -0.0182      0.275      0.264    -0.0336     -0.292      -0.24     0.0623      0.298       0.23    -0.0797     -0.359 
     0.011      0.255      0.321     0.0268     -0.268     -0.299    -0.0608     -0.225     -0.314     -0.138       0.15      0.312      0.221    -0.0452     -0.273     -0.287     -0.082      0.193      0.356 
   0.00724      0.216      0.348      0.189    -0.0874      -0.29     -0.301      0.125     -0.123     -0.294      -0.29     -0.118       0.12      0.287      0.292      0.138    -0.0903     -0.276     -0.336 
   0.00468      0.174      0.336      0.301      0.133    -0.0816     -0.254       0.32      0.257      0.096       -0.1     -0.256     -0.314     -0.256     -0.107     0.0786      0.235      0.314      0.297 
   0.00293      0.131      0.288      0.336      0.294      0.183     0.0336      0.119      0.242      0.309      0.307      0.239      0.122    -0.0197     -0.155     -0.256     -0.307       -0.3     -0.241 
    0.0017     0.0872       0.21      0.285      0.322      0.323       0.29     -0.228     -0.145    -0.0496     0.0497      0.143      0.221      0.277      0.306      0.307      0.282      0.234       0.17 
  0.000779     0.0436       0.11      0.163      0.207      0.244      0.273     -0.295      -0.31     -0.316     -0.315     -0.306      -0.29     -0.267     -0.239     -0.205     -0.168     -0.129    -0.0882 

See Out.E0_dr.svg: Fix rmax to a reasonable value and calculate E0 for several different values of dr ; plot the resulting curve.
See Out.E0_rmax.svg: Fix dr to a reasonable value and calculate E0 for several different values of rmax ; plot the resulting curve.
See Out.Wfct.svg: Plot several lowest eigen-functions and compare with analytical results.
