sqrt(-1)=(0, 1),                                == (0,1)? --> True
sqrt(i)=(0.707106781186548, 0.707106781186547), ==(1/Sqrt(2),1/Sqrt(2))? --> True
ln(i)=(0, 1.5707963267949),                     ==(0,PI/2)? --> True
i**i=(0.207879576350762, 0),                    ==(Exp(-PI/2),0)? --> True
sin(i*Pi)=(0, 11.5487393572577),                ==(0, Sinh(PI))? --> True
